1 0.126603 0.500000 0.102564 0.511364 0.100962 0.522727 0.094551 0.536932 0.088141 0.605114 0.083333 0.610795 0.080128 0.625000 0.076923 0.659091 0.076923 0.704545 0.080128 0.718750 0.083333 0.778409 0.086538 0.801136 0.091346 0.812500 0.102564 0.812500 0.110577 0.806818 0.113782 0.801136 0.113782 0.792614 0.126603 0.769886 0.166667 0.767045 0.171474 0.758523 0.181090 0.755682 0.185897 0.758523 0.189103 0.769886 0.216346 0.767045 0.219551 0.775568 0.235577 0.792614 0.232372 0.798295 0.240385 0.809659 0.235577 0.812500 0.246795 0.812500 0.243590 0.809659 0.251603 0.801136 0.251603 0.789773 0.254808 0.784091 0.253205 0.775568 0.256410 0.769886 0.258013 0.752841 0.256410 0.750000 0.259615 0.687500 0.256410 0.642045 0.253205 0.636364 0.254808 0.613636 0.248397 0.590909 0.243590 0.534091 0.237179 0.517045 0.224359 0.505682 0.169872 0.500000
1 0.383013 0.534091 0.371795 0.539773 0.368590 0.536932 0.360577 0.545455 0.355769 0.565341 0.347756 0.573864 0.338141 0.596591 0.336538 0.676136 0.341346 0.684659 0.352564 0.690341 0.355769 0.696023 0.354167 0.707386 0.357372 0.713068 0.360577 0.744318 0.371795 0.738636 0.371795 0.727273 0.378205 0.715909 0.387821 0.713068 0.419872 0.715909 0.429487 0.710227 0.450321 0.710227 0.455128 0.715909 0.463141 0.715909 0.469551 0.738636 0.479167 0.735795 0.487179 0.690341 0.483974 0.647727 0.485577 0.616477 0.461538 0.551136 0.447115 0.539773 0.431090 0.534091
1 0.094551 0.494318 0.081731 0.502841 0.078526 0.508523 0.076923 0.528409 0.068910 0.542614 0.060897 0.545455 0.057692 0.553977 0.057692 0.599432 0.054487 0.602273 0.054487 0.625000 0.059295 0.633523 0.067308 0.633523 0.076923 0.625000 0.081731 0.602273 0.081731 0.582386 0.086538 0.576705 0.089744 0.553977 0.092949 0.548295 0.092949 0.536932 0.102564 0.511364 0.107372 0.505682 0.128205 0.497159 0.099359 0.494318
2 0.366987 0.823864 0.349359 0.877841 0.341346 0.889205 0.338141 0.900568 0.326923 0.914773 0.325321 0.926136 0.296474 0.977273 0.290064 0.997159 0.366987 0.997159 0.378205 0.968750 0.376603 0.965909 0.379808 0.948864 0.384615 0.940341 0.384615 0.931818 0.402244 0.894886 0.400641 0.889205 0.411859 0.832386 0.411859 0.826705 0.408654 0.823864
2 0.282051 0.823864 0.272436 0.826705 0.227564 0.894886 0.216346 0.903409 0.209936 0.914773 0.193910 0.928977 0.155449 0.974432 0.149038 0.977273 0.134615 0.997159 0.216346 0.994318 0.229167 0.971591 0.232372 0.960227 0.240385 0.954545 0.256410 0.926136 0.275641 0.909091 0.275641 0.900568 0.282051 0.894886 0.286859 0.883523 0.294872 0.880682 0.302885 0.866477 0.309295 0.863636 0.306090 0.855114 0.312500 0.846591 0.314103 0.835227 0.323718 0.823864
2 0.198718 0.818182 0.179487 0.823864 0.142628 0.863636 0.099359 0.900568 0.091346 0.911932 0.076923 0.917614 0.041667 0.948864 0.020833 0.960227 0.011218 0.974432 0.000000 0.982955 0.000000 0.997159 0.060897 0.997159 0.073718 0.982955 0.078526 0.982955 0.088141 0.968750 0.110577 0.951705 0.123397 0.926136 0.136218 0.920455 0.144231 0.923295 0.145833 0.911932 0.155449 0.911932 0.179487 0.880682 0.185897 0.877841 0.208333 0.849432 0.230769 0.829545 0.233974 0.823864 0.232372 0.821023 0.203526 0.818182
2 0.102564 0.821023 0.086538 0.823864 0.073718 0.838068 0.052885 0.846591 0.046474 0.855114 0.030449 0.863636 0.004808 0.886364 0.000000 0.886364 0.000000 0.934659 0.014423 0.926136 0.022436 0.914773 0.038462 0.903409 0.040064 0.897727 0.068910 0.880682 0.094551 0.857955 0.099359 0.849432 0.113782 0.840909 0.121795 0.832386 0.126603 0.821023
2 0.467949 0.826705 0.461538 0.829545 0.459936 0.835227 0.456731 0.897727 0.451923 0.926136 0.451923 0.965909 0.448718 0.997159 0.519231 0.997159 0.519231 0.982955 0.514423 0.963068 0.511218 0.931818 0.511218 0.897727 0.506410 0.857955 0.506410 0.835227 0.501603 0.826705
2 0.556090 0.826705 0.554487 0.840909 0.564103 0.869318 0.568910 0.900568 0.576923 0.920455 0.597756 0.997159 0.666667 0.997159 0.666667 0.991477 0.644231 0.940341 0.645833 0.931818 0.634615 0.923295 0.618590 0.892045 0.600962 0.826705
2 0.000000 0.815341 0.000000 0.846591 0.027244 0.826705 0.043269 0.821023 0.032051 0.815341
2 0.704862 0.922512 0.735501 0.997715 0.787350 0.991448 0.707219 0.815974 0.663618 0.824330 0.701327 0.920423
