2 0.543269 0.664773 0.548077 0.681818 0.557692 0.698864 0.639423 0.821023 0.682692 0.894886 0.740385 0.974432 0.751603 0.997159 0.780449 0.997159 0.777244 0.988636 0.751603 0.957386 0.729167 0.923295 0.721154 0.917614 0.658654 0.832386 0.652244 0.818182 0.613782 0.769886 0.589744 0.730114 0.546474 0.673295 0.544872 0.664773
2 0.350962 0.872159 0.344551 0.875000 0.318910 0.917614 0.318910 0.923295 0.323718 0.928977 0.341346 0.911932 0.346154 0.897727 0.355769 0.886364 0.357372 0.875000 0.352564 0.872159
2 0.423077 0.752841 0.419872 0.758523 0.415064 0.758523 0.394231 0.795455 0.389423 0.798295 0.381410 0.812500 0.383013 0.818182 0.389423 0.818182 0.397436 0.809659 0.426282 0.752841
2 0.030449 0.857955 0.000000 0.869318 0.000000 0.880682 0.032051 0.869318 0.038462 0.863636 0.036859 0.857955
2 0.441615 0.729608 0.446626 0.715790 0.450523 0.720725 0.436047 0.745400 0.428809 0.744413 0.438274 0.733556
5 0.000780 0.794731 0.093081 0.764708 0.091388 0.745194 0.000000 0.784223 0.000780 0.790228
5 0.351354 0.647620 0.375911 0.641615 0.374217 0.649121 0.352201 0.655125
1 0.165064 0.542614 0.141026 0.548295 0.131410 0.556818 0.110577 0.613636 0.108974 0.667614 0.099359 0.687500 0.096154 0.704545 0.094551 0.781250 0.102564 0.801136 0.104167 0.821023 0.115385 0.835227 0.118590 0.852273 0.126603 0.863636 0.145833 0.863636 0.153846 0.849432 0.155449 0.835227 0.158654 0.829545 0.163462 0.823864 0.174679 0.821023 0.181090 0.812500 0.209936 0.815341 0.219551 0.806818 0.230769 0.809659 0.237179 0.801136 0.258013 0.803977 0.262821 0.809659 0.274038 0.806818 0.278846 0.823864 0.275641 0.829545 0.283654 0.838068 0.283654 0.843750 0.290064 0.852273 0.298077 0.852273 0.302885 0.846591 0.306090 0.835227 0.309295 0.786932 0.314103 0.789773 0.325321 0.781250 0.333333 0.781250 0.342949 0.795455 0.344551 0.803977 0.357372 0.801136 0.363782 0.724432 0.362179 0.687500 0.368590 0.684659 0.360577 0.681818 0.354167 0.661932 0.342949 0.647727 0.341346 0.627841 0.325321 0.596591 0.323718 0.585227 0.315705 0.571023 0.288462 0.553977 0.217949 0.542614
1 0.407051 0.599432 0.389423 0.607955 0.389423 0.619318 0.379808 0.625000 0.378205 0.630682 0.379808 0.650568 0.383013 0.656250 0.379808 0.696023 0.383013 0.713068 0.386218 0.715909 0.403846 0.710227 0.413462 0.701705 0.434295 0.701705 0.439103 0.707386 0.450321 0.710227 0.459936 0.707386 0.464744 0.696023 0.464744 0.678977 0.471154 0.670455 0.471154 0.659091 0.464744 0.656250 0.458333 0.639205 0.450321 0.633523 0.447115 0.627841 0.447115 0.613636 0.439103 0.602273 0.418269 0.599432
1 0.496795 0.622159 0.490385 0.630682 0.491987 0.653409 0.517628 0.653409 0.519231 0.636364 0.512821 0.622159
1 0.459936 0.616477 0.455128 0.627841 0.459936 0.636364 0.464744 0.664773 0.463141 0.667614 0.469551 0.676136 0.474359 0.667614 0.474359 0.656250 0.472756 0.642045 0.469551 0.636364 0.471154 0.633523 0.464744 0.616477
