1 0.395833 0.582386 0.376603 0.585227 0.363782 0.599432 0.357372 0.627841 0.358974 0.690341 0.362179 0.698864 0.373397 0.698864 0.376603 0.693182 0.383013 0.693182 0.384615 0.684659 0.400641 0.684659 0.395833 0.681818 0.402244 0.678977 0.410256 0.693182 0.416667 0.693182 0.426282 0.701705 0.431090 0.698864 0.434295 0.687500 0.434295 0.607955 0.423077 0.590909 0.400641 0.582386
1 0.469551 0.596591 0.463141 0.602273 0.456731 0.619318 0.456731 0.644886 0.459936 0.667614 0.463141 0.673295 0.508013 0.673295 0.509615 0.644886 0.506410 0.636364 0.503205 0.607955 0.493590 0.596591
1 0.424679 0.588068 0.423077 0.596591 0.435897 0.619318 0.434295 0.636364 0.437500 0.650568 0.445513 0.653409 0.450321 0.653409 0.455128 0.642045 0.455128 0.625000 0.459936 0.607955 0.459936 0.596591 0.455128 0.590909 0.435897 0.588068
1 0.730769 0.613636 0.729167 0.630682 0.724359 0.633523 0.725962 0.644886 0.722756 0.653409 0.722756 0.673295 0.719551 0.678977 0.717949 0.693182 0.733974 0.707386 0.759615 0.715909 0.775641 0.715909 0.783654 0.707386 0.788462 0.707386 0.790064 0.715909 0.796474 0.718750 0.798077 0.732955 0.804487 0.724432 0.806090 0.715909 0.798077 0.656250 0.783654 0.653409 0.783654 0.642045 0.778846 0.647727 0.774038 0.639205 0.774038 0.622159 0.769231 0.613636
1 0.512821 0.599432 0.506410 0.610795 0.506410 0.627841 0.511218 0.647727 0.532051 0.656250 0.535256 0.639205 0.533654 0.633523 0.536859 0.627841 0.532051 0.616477 0.527244 0.613636 0.527244 0.605114 0.514423 0.602273
2 0.546474 0.684659 0.556090 0.707386 0.564103 0.715909 0.589744 0.764205 0.615385 0.801136 0.673077 0.906250 0.677885 0.909091 0.727564 0.997159 0.753205 0.997159 0.743590 0.977273 0.641026 0.823864 0.621795 0.789773 0.610577 0.778409 0.573718 0.718750 0.548077 0.684659
2 0.347756 0.843750 0.314103 0.889205 0.314103 0.900568 0.325321 0.897727 0.338141 0.875000 0.342949 0.872159 0.352564 0.855114 0.352564 0.843750
2 0.067308 0.843750 0.003205 0.877841 0.000000 0.880682 0.000000 0.892045 0.065705 0.857955 0.072115 0.852273 0.073718 0.843750
2 0.235577 0.755682 0.224359 0.758523 0.216346 0.767045 0.232372 0.767045 0.237179 0.758523
5 0.011174 0.777618 0.309816 0.676777 0.283744 0.659971 0.004063 0.752408 0.004063 0.765013
