1 0.556250 0.311111 0.550000 0.316667 0.551562 0.325000 0.557813 0.327778 0.553125 0.330556 0.553125 0.341667 0.560937 0.369444 0.559375 0.383333 0.582812 0.380556 0.587500 0.386111 0.595313 0.386111 0.598437 0.375000 0.598437 0.352778 0.595313 0.336111 0.582812 0.313889 0.560937 0.311111
5 0.963771 0.509120 0.633146 0.362175 0.648644 0.359879 0.956022 0.486160 0.959896 0.502232
2 0.900000 0.575000 0.900000 0.583333 0.926562 0.602778 0.940625 0.619444 0.946875 0.616667 0.946875 0.600000 0.940625 0.602778 0.934375 0.594444 0.925000 0.591667 0.904687 0.575000
2 0.665625 0.422222 0.670312 0.430556 0.707812 0.452778 0.712500 0.452778 0.714063 0.447222 0.673438 0.422222
2 0.556250 0.483333 0.553125 0.486111 0.553125 0.497222 0.568750 0.530556 0.568750 0.544444 0.565625 0.547222 0.564063 0.538889 0.564063 0.575000 0.573438 0.566667 0.585938 0.566667 0.614062 0.625000 0.623437 0.630556 0.634375 0.627778 0.581250 0.525000 0.560937 0.491667
2 0.429688 0.577778 0.426563 0.586111 0.403125 0.586111 0.403125 0.594444 0.396875 0.605556 0.393750 0.619444 0.435937 0.616667 0.437500 0.594444 0.434375 0.577778
2 0.167187 0.450000 0.126562 0.469444 0.126562 0.477778 0.139063 0.475000 0.165625 0.458333 0.173437 0.458333 0.178125 0.452778 0.175000 0.450000
2 0.598437 0.380556 0.595313 0.386111 0.604688 0.391667 0.612500 0.388889 0.600000 0.380556
0 0.696875 0.305556 0.687500 0.313889 0.684375 0.325000 0.690625 0.344444 0.690625 0.355556 0.696875 0.361111 0.709375 0.361111 0.718750 0.369444 0.725000 0.366667 0.734375 0.372222 0.742188 0.369444 0.745313 0.363889 0.746875 0.325000 0.743750 0.316667 0.720313 0.305556
4 0.996875 0.375000 0.985938 0.394444 0.976562 0.400000 0.978125 0.405556 0.982812 0.405556 0.981250 0.411111 0.970313 0.411111 0.968750 0.461111 0.962500 0.505556 0.959375 0.513889 0.956250 0.555556 0.951562 0.572222 0.953125 0.591667 0.946875 0.619444 0.948438 0.663889 0.970313 0.666667 0.970313 0.672222 0.964063 0.672222 0.964063 0.680556 0.968750 0.683333 0.973437 0.691667 0.973437 0.697222 0.979688 0.700000 0.985938 0.688889 0.989062 0.694444 0.998437 0.691667 0.998437 0.375000
