1 0.000000 0.664773 0.000000 0.997159 0.115385 0.997159 0.120192 0.980114 0.118590 0.977273 0.121795 0.971591 0.120192 0.965909 0.128205 0.926136 0.128205 0.880682 0.131410 0.866477 0.134615 0.863636 0.133013 0.832386 0.126603 0.798295 0.121795 0.784091 0.100962 0.750000 0.089744 0.741477 0.075321 0.741477 0.067308 0.718750 0.062500 0.718750 0.054487 0.710227 0.040064 0.707386 0.032051 0.713068 0.014423 0.687500 0.009615 0.670455 0.003205 0.664773
1 0.294872 0.576705 0.290064 0.579545 0.282051 0.596591 0.275641 0.644886 0.269231 0.659091 0.267628 0.670455 0.267628 0.701705 0.272436 0.724432 0.274038 0.750000 0.290064 0.747159 0.293269 0.730114 0.298077 0.721591 0.312500 0.730114 0.322115 0.718750 0.344551 0.715909 0.352564 0.735795 0.358974 0.741477 0.365385 0.741477 0.386218 0.724432 0.387821 0.656250 0.379808 0.633523 0.373397 0.625000 0.370192 0.596591 0.352564 0.576705
1 0.222756 0.590909 0.209936 0.593750 0.195513 0.622159 0.192308 0.656250 0.192308 0.698864 0.197115 0.713068 0.206731 0.713068 0.211538 0.701705 0.219551 0.693182 0.222756 0.693182 0.232372 0.707386 0.237179 0.707386 0.243590 0.696023 0.250000 0.696023 0.251603 0.701705 0.262821 0.707386 0.269231 0.647727 0.264423 0.642045 0.267628 0.636364 0.262821 0.639205 0.259615 0.625000 0.264423 0.616477 0.264423 0.610795 0.258013 0.607955 0.258013 0.596591 0.248397 0.590909
1 0.423077 0.602273 0.407051 0.605114 0.402244 0.613636 0.403846 0.661932 0.426282 0.661932 0.429487 0.656250 0.429487 0.639205 0.423077 0.605114
1 0.477564 0.602273 0.474359 0.607955 0.469551 0.607955 0.461538 0.630682 0.461538 0.653409 0.458333 0.659091 0.458333 0.690341 0.500000 0.690341 0.501603 0.684659 0.498397 0.622159 0.488782 0.605114 0.482372 0.602273
1 0.985577 0.582386 0.950321 0.596591 0.923077 0.642045 0.905449 0.681818 0.903846 0.735795 0.908654 0.769886 0.921474 0.792614 0.919872 0.798295 0.935897 0.809659 0.955128 0.812500 0.979167 0.829545 0.990385 0.832386 0.998397 0.829545 0.998397 0.582386
1 0.895833 0.625000 0.884615 0.644886 0.875000 0.687500 0.873397 0.710227 0.873397 0.750000 0.891026 0.767045 0.905449 0.758523 0.905449 0.684659 0.908654 0.670455 0.919872 0.653409 0.926282 0.625000
2 0.216346 0.965909 0.193910 0.997159 0.216346 0.997159 0.219551 0.985795 0.229167 0.971591 0.225962 0.965909
2 0.307692 0.843750 0.267628 0.897727 0.274038 0.909091 0.282051 0.906250 0.312500 0.863636 0.317308 0.852273 0.317308 0.843750
2 0.443910 0.653409 0.434295 0.673295 0.423077 0.684659 0.426282 0.687500 0.423077 0.693182 0.415064 0.696023 0.413462 0.704545 0.405449 0.713068 0.407051 0.724432 0.439103 0.690341 0.440705 0.681818 0.447115 0.676136 0.443910 0.673295 0.450321 0.664773 0.443910 0.656250 0.447115 0.653409
5 0.914448 0.895277 0.515272 0.604832 0.509314 0.647079 0.692518 0.900558 0.905511 0.903198
5 0.080350 0.744774 0.202485 0.699887 0.202485 0.668202 0.068434 0.718370 0.069923 0.739493
