5 0.157051 0.698864 0.096154 0.724432 0.070513 0.724432 0.054487 0.730114 0.000000 0.735795 0.000000 0.767045 0.032051 0.755682 0.044872 0.755682 0.062500 0.747159 0.177885 0.724432 0.193910 0.715909 0.203526 0.718750 0.203526 0.704545 0.208333 0.698864 0.181090 0.698864 0.169872 0.704545 0.165064 0.698864
5 0.721154 0.684659 0.717949 0.687500 0.719551 0.693182 0.732372 0.696023 0.753205 0.715909 0.761218 0.715909 0.783654 0.727273 0.850962 0.744318 0.900641 0.750000 0.913462 0.758523 0.932692 0.758523 0.940705 0.764205 0.955128 0.764205 0.958333 0.758523 0.963141 0.764205 0.983974 0.769886 0.998397 0.769886 0.998397 0.727273 0.961538 0.727273 0.950321 0.721591 0.876603 0.715909 0.794872 0.696023 0.751603 0.690341 0.743590 0.684659
3 0.666667 0.605114 0.692308 0.605114 0.692308 0.673295 0.666667 0.673295
2 0.094551 0.821023 0.043269 0.840909 0.036859 0.846591 0.040064 0.852273 0.097756 0.832386 0.102564 0.826705 0.100962 0.821023
2 0.498397 0.735795 0.496795 0.741477 0.480769 0.744318 0.475962 0.755682 0.461538 0.761364 0.450321 0.775568 0.416667 0.803977 0.411859 0.815341 0.426282 0.812500 0.450321 0.789773 0.461538 0.772727 0.472756 0.767045 0.479167 0.758523 0.485577 0.758523 0.496795 0.744318 0.503205 0.744318 0.503205 0.738636 0.506410 0.735795
1 0.277244 0.588068 0.250000 0.593750 0.229167 0.627841 0.219551 0.636364 0.217949 0.667614 0.211538 0.693182 0.211538 0.724432 0.216346 0.764205 0.219551 0.772727 0.232372 0.775568 0.238782 0.767045 0.241987 0.752841 0.250000 0.744318 0.275641 0.741477 0.283654 0.747159 0.309295 0.750000 0.315705 0.755682 0.320513 0.769886 0.325321 0.769886 0.333333 0.778409 0.341346 0.769886 0.341346 0.755682 0.347756 0.744318 0.383013 0.747159 0.387821 0.738636 0.389423 0.684659 0.384615 0.670455 0.371795 0.650568 0.368590 0.642045 0.368590 0.630682 0.350962 0.613636 0.339744 0.593750 0.317308 0.593750 0.299679 0.588068
1 0.459936 0.593750 0.451923 0.596591 0.450321 0.607955 0.440705 0.627841 0.440705 0.644886 0.437500 0.659091 0.439103 0.710227 0.442308 0.715909 0.451923 0.715909 0.458333 0.701705 0.464744 0.701705 0.498397 0.707386 0.514423 0.718750 0.520833 0.718750 0.527244 0.710227 0.535256 0.707386 0.536859 0.687500 0.530449 0.667614 0.530449 0.644886 0.527244 0.625000 0.522436 0.619318 0.525641 0.613636 0.517628 0.610795 0.509615 0.593750
1 0.607372 0.585227 0.596154 0.588068 0.589744 0.596591 0.591346 0.616477 0.586538 0.630682 0.584936 0.676136 0.586538 0.687500 0.591346 0.696023 0.615385 0.690341 0.620192 0.684659 0.629808 0.687500 0.637821 0.696023 0.655449 0.690341 0.652244 0.647727 0.642628 0.633523 0.644231 0.630682 0.641026 0.625000 0.642628 0.607955 0.629808 0.588068 0.616987 0.585227
1 0.532051 0.590909 0.527244 0.593750 0.525641 0.602273 0.530449 0.610795 0.532051 0.625000 0.538462 0.625000 0.543269 0.633523 0.541667 0.650568 0.538462 0.656250 0.538462 0.673295 0.543269 0.684659 0.578526 0.676136 0.580128 0.636364 0.559295 0.596591 0.540064 0.590909
1 0.724359 0.619318 0.716346 0.630682 0.711538 0.647727 0.714744 0.664773 0.735577 0.661932 0.745192 0.650568 0.746795 0.636364 0.740385 0.625000 0.741987 0.622159 0.733974 0.619318
