2 0.215625 0.450000 0.215625 0.455556 0.189062 0.452778 0.175000 0.458333 0.170313 0.469444 0.173437 0.472222 0.176563 0.472222 0.181250 0.458333 0.195312 0.461111 0.193750 0.466667 0.187500 0.463889 0.192188 0.469444 0.184375 0.472222 0.178125 0.480556 0.167187 0.480556 0.150000 0.488889 0.126562 0.486111 0.126562 0.494444 0.112500 0.494444 0.093750 0.502778 0.090625 0.508333 0.079687 0.511111 0.059375 0.527778 0.050000 0.527778 0.042188 0.536111 0.032813 0.538889 0.029687 0.547222 0.023438 0.547222 0.012500 0.561111 0.000000 0.566667 0.000000 0.722222 0.014063 0.716667 0.021875 0.708333 0.028125 0.708333 0.034375 0.700000 0.065625 0.683333 0.068750 0.677778 0.089063 0.669444 0.096875 0.661111 0.104688 0.661111 0.132812 0.644444 0.153125 0.641667 0.157812 0.636111 0.176563 0.630556 0.207813 0.627778 0.215625 0.622222 0.235937 0.625000 0.270313 0.619444 0.273438 0.611111 0.270313 0.605556 0.270313 0.588889 0.267188 0.580556 0.262500 0.536111 0.257812 0.527778 0.253125 0.505556 0.254688 0.494444 0.250000 0.469444 0.245312 0.463889 0.246875 0.461111 0.229687 0.450000
2 0.662500 0.530556 0.659375 0.541667 0.671875 0.566667 0.718750 0.638889 0.723437 0.644444 0.735938 0.647222 0.740625 0.644444 0.732812 0.630556 0.665625 0.530556
3 0.220312 0.322222 0.284375 0.322222 0.284375 0.450000 0.220312 0.450000
3 0.392188 0.250000 0.429688 0.250000 0.429688 0.363889 0.392188 0.363889
3 0.446875 0.208333 0.570312 0.208333 0.570312 0.450000 0.446875 0.450000
3 0.579688 0.275000 0.662500 0.275000 0.662500 0.627778 0.579688 0.627778
3 0.056250 0.352778 0.075000 0.352778 0.075000 0.436111 0.056250 0.436111
5 0.003247 0.532895 0.188777 0.421550 0.207685 0.434155 0.003247 0.545500
5 0.875358 0.692558 0.667375 0.467768 0.666193 0.499281 0.796183 0.677852 0.869450 0.694659
4 0.075000 0.169444 0.056250 0.177778 0.032813 0.197222 0.025000 0.219444 0.021875 0.361111 0.026562 0.375000 0.031250 0.375000 0.060937 0.358333 0.064062 0.347222 0.071875 0.341667 0.087500 0.344444 0.098437 0.361111 0.106250 0.358333 0.109375 0.363889 0.109375 0.375000 0.101562 0.377778 0.117188 0.394444 0.117188 0.422222 0.132812 0.416667 0.137500 0.391667 0.140625 0.400000 0.140625 0.411111 0.148438 0.411111 0.151562 0.408333 0.148438 0.402778 0.148438 0.394444 0.151562 0.391667 0.146875 0.386111 0.148438 0.383333 0.154688 0.383333 0.156250 0.391667 0.160938 0.380556 0.175000 0.375000 0.165625 0.372222 0.167187 0.366667 0.170313 0.366667 0.168750 0.358333 0.157812 0.355556 0.170313 0.350000 0.184375 0.352778 0.189062 0.330556 0.187500 0.325000 0.195312 0.297222 0.218750 0.263889 0.220312 0.208333 0.215625 0.200000 0.207813 0.197222 0.189062 0.197222 0.082812 0.169444
4 0.403125 0.088889 0.350000 0.105556 0.334375 0.125000 0.331250 0.141667 0.334375 0.169444 0.331250 0.180556 0.325000 0.180556 0.325000 0.188889 0.332813 0.200000 0.329688 0.202778 0.329688 0.211111 0.332813 0.213889 0.334375 0.225000 0.329688 0.236111 0.325000 0.236111 0.320312 0.250000 0.312500 0.250000 0.309375 0.269444 0.325000 0.263889 0.328125 0.269444 0.356250 0.272222 0.359375 0.277778 0.371875 0.283333 0.376563 0.294444 0.387500 0.302778 0.400000 0.325000 0.409375 0.327778 0.409375 0.336111 0.414062 0.338889 0.423438 0.358333 0.432812 0.366667 0.439063 0.380556 0.443750 0.380556 0.445312 0.386111 0.450000 0.383333 0.456250 0.366667 0.453125 0.361111 0.460938 0.358333 0.484375 0.297222 0.496875 0.286111 0.500000 0.222222 0.503125 0.205556 0.498437 0.191667 0.492188 0.186111 0.470313 0.150000 0.462500 0.133333 0.460938 0.119444 0.457813 0.113889 0.432812 0.094444 0.404687 0.091667
