5 0.904558 0.480490 0.692170 0.393357 0.692170 0.374874 0.901587 0.456726
2 0.692187 0.436111 0.687500 0.450000 0.700000 0.450000 0.712500 0.461111 0.718750 0.461111 0.720313 0.455556 0.700000 0.444444 0.693750 0.436111
3 0.031250 0.186111 0.118750 0.186111 0.118750 0.652778 0.031250 0.652778
3 0.051562 0.202778 0.220312 0.202778 0.220312 0.683333 0.051562 0.683333
3 0.229687 0.177778 0.350000 0.177778 0.350000 0.625000 0.229687 0.625000
3 0.337500 0.213889 0.367188 0.213889 0.367188 0.294444 0.337500 0.294444
3 0.362500 0.197222 0.410938 0.197222 0.410938 0.330556 0.362500 0.330556
3 0.412500 0.144444 0.556250 0.144444 0.556250 0.619444 0.412500 0.619444
3 0.559375 0.111111 0.693750 0.111111 0.693750 0.633333 0.559375 0.633333
0 0.698438 0.308333 0.695312 0.313889 0.695312 0.333333 0.696875 0.358333 0.701562 0.369444 0.739062 0.375000 0.745313 0.372222 0.746875 0.366667 0.746875 0.336111 0.750000 0.325000 0.743750 0.316667 0.729688 0.308333
