5 0.990987 0.551632 0.636470 0.368859 0.638833 0.352052 1.000000 0.513817
3 0.016065 0.255414 0.090514 0.255414 0.090514 0.547430 0.016065 0.547430
3 0.133056 0.295330 0.224049 0.295330 0.224049 0.505414 0.133056 0.505414
3 0.168508 0.192388 0.232321 0.192388 0.232321 0.333145 0.168508 0.333145
3 0.229957 0.207094 0.276044 0.207094 0.276044 0.379363 0.229957 0.379363
3 0.273681 0.200792 0.349311 0.200792 0.349311 0.555834 0.273681 0.555834
3 0.356402 0.114657 0.472210 0.114657 0.472210 0.518019 0.356402 0.518019
3 0.465120 0.062136 0.602200 0.062136 0.602200 0.576842 0.465120 0.576842
3 0.709737 0.204993 0.825545 0.204993 0.825545 0.635666 0.709737 0.635666
2 0.910937 0.588889 0.907813 0.591667 0.909375 0.597222 0.957812 0.633333 0.996875 0.669444 0.998437 0.658333 0.975000 0.641667 0.962500 0.627778 0.954688 0.625000 0.939063 0.608333 0.912500 0.591667
2 0.668750 0.427778 0.681250 0.441667 0.689063 0.441667 0.700000 0.452778 0.715625 0.461111 0.718750 0.461111 0.718750 0.455556 0.714063 0.450000 0.675000 0.427778
2 0.601562 0.569444 0.598437 0.622222 0.631250 0.630556 0.632812 0.627778 0.620313 0.602778
0 0.696875 0.308333 0.689063 0.313889 0.684375 0.327778 0.684375 0.338889 0.689063 0.344444 0.690625 0.358333 0.718750 0.369444 0.723437 0.366667 0.723437 0.355556 0.726562 0.352778 0.725000 0.341667 0.728125 0.336111 0.734375 0.341667 0.737500 0.338889 0.732812 0.327778 0.731250 0.311111 0.728125 0.308333
