2 0.523438 0.350000 0.556250 0.402778 0.560937 0.405556 0.598437 0.463889 0.642188 0.522222 0.689063 0.597222 0.693750 0.600000 0.725000 0.647222 0.737500 0.644444 0.728125 0.625000 0.654687 0.519444 0.564063 0.402778 0.550000 0.380556 0.540625 0.372222 0.526563 0.350000
2 0.298438 0.416667 0.278125 0.427778 0.262500 0.430556 0.262500 0.436111 0.239063 0.450000 0.225000 0.452778 0.170313 0.488889 0.128125 0.500000 0.120313 0.505556 0.109375 0.505556 0.107813 0.508333 0.112500 0.513889 0.120313 0.511111 0.120313 0.519444 0.112500 0.522222 0.090625 0.541667 0.079687 0.544444 0.064062 0.558333 0.079687 0.558333 0.148438 0.508333 0.298438 0.419444
2 0.404687 0.450000 0.382812 0.477778 0.375000 0.494444 0.376563 0.500000 0.382812 0.497222 0.410938 0.450000
2 0.462500 0.369444 0.457813 0.375000 0.462500 0.377778 0.464062 0.372222
2 0.345313 0.386111 0.317188 0.397222 0.312500 0.394444 0.310937 0.402778 0.304688 0.402778 0.300000 0.408333 0.265625 0.411111 0.265625 0.402778 0.276562 0.402778 0.278125 0.397222 0.275000 0.394444 0.270313 0.400000 0.250000 0.402778 0.253125 0.405556 0.251563 0.408333 0.231250 0.411111 0.226562 0.416667 0.220312 0.411111 0.198437 0.413889 0.204687 0.413889 0.209375 0.419444 0.220312 0.413889 0.225000 0.422222 0.225000 0.433333 0.215625 0.438889 0.209375 0.433333 0.206250 0.438889 0.209375 0.441667 0.203125 0.444444 0.204687 0.450000 0.201563 0.455556 0.187500 0.450000 0.176563 0.455556 0.173437 0.436111 0.165625 0.438889 0.165625 0.458333 0.157812 0.466667 0.159375 0.469444 0.173437 0.475000 0.189062 0.466667 0.193750 0.472222 0.157812 0.494444 0.153125 0.486111 0.140625 0.483333 0.139063 0.486111 0.143750 0.491667 0.139063 0.497222 0.121875 0.502778 0.103125 0.502778 0.098437 0.497222 0.101562 0.480556 0.100000 0.472222 0.089063 0.475000 0.084375 0.480556 0.087500 0.502778 0.082812 0.508333 0.082812 0.513889 0.079687 0.513889 0.081250 0.516667 0.096875 0.519444 0.106250 0.516667 0.106250 0.508333 0.110937 0.513889 0.114062 0.508333 0.120313 0.511111 0.126562 0.505556 0.128125 0.511111 0.096875 0.538889 0.078125 0.547222 0.071875 0.558333 0.067187 0.555556 0.071875 0.558333 0.082812 0.550000 0.090625 0.550000 0.101562 0.538889 0.114062 0.533333 0.126562 0.519444 0.137500 0.516667 0.143750 0.508333 0.159375 0.502778 0.171875 0.491667 0.215625 0.469444 0.218750 0.463889 0.295312 0.425000 0.312500 0.411111 0.351562 0.394444 0.354687 0.391667 0.353125 0.388889 0.346875 0.388889
4 0.075000 0.175000 0.039062 0.194444 0.032813 0.200000 0.026562 0.216667 0.021875 0.330556 0.023438 0.363889 0.032813 0.386111 0.042188 0.386111 0.040625 0.383333 0.046875 0.375000 0.053125 0.377778 0.064062 0.372222 0.065625 0.380556 0.059375 0.386111 0.068750 0.391667 0.068750 0.402778 0.062500 0.405556 0.070312 0.416667 0.071875 0.425000 0.081250 0.405556 0.090625 0.402778 0.100000 0.405556 0.103125 0.413889 0.109375 0.413889 0.110937 0.419444 0.107813 0.422222 0.110937 0.427778 0.118750 0.430556 0.129688 0.427778 0.137500 0.413889 0.142187 0.422222 0.153125 0.416667 0.156250 0.400000 0.160938 0.391667 0.165625 0.394444 0.173437 0.388889 0.176563 0.394444 0.189062 0.394444 0.192188 0.386111 0.215625 0.386111 0.218750 0.336111 0.229687 0.322222 0.232813 0.308333 0.229687 0.294444 0.231250 0.283333 0.223438 0.280556 0.220312 0.275000 0.218750 0.255556 0.225000 0.244444 0.223438 0.233333 0.218750 0.225000 0.218750 0.216667 0.212500 0.208333 0.084375 0.175000
3 0.020313 0.538889 0.100000 0.538889 0.100000 0.711111 0.020313 0.711111
3 0.267188 0.333333 0.282813 0.333333 0.282813 0.388889 0.267188 0.388889
3 0.321875 0.316667 0.340625 0.316667 0.340625 0.386111 0.321875 0.386111
3 0.648438 0.302778 0.660937 0.302778 0.660937 0.388889 0.648438 0.388889
3 0.356250 0.313889 0.378125 0.313889 0.378125 0.372222 0.356250 0.372222
1 0.579688 0.319444 0.576562 0.344444 0.579688 0.350000 0.595313 0.350000 0.598437 0.344444 0.593750 0.319444
0 0.835938 0.283333 0.810937 0.288889 0.804688 0.286111 0.800000 0.294444 0.795312 0.327778 0.793750 0.391667 0.798438 0.400000 0.806250 0.400000 0.814063 0.427778 0.825000 0.430556 0.829688 0.425000 0.840625 0.425000 0.845313 0.436111 0.857812 0.438889 0.860938 0.444444 0.889062 0.441667 0.892188 0.452778 0.896875 0.458333 0.903125 0.458333 0.907813 0.441667 0.910937 0.436111 0.918750 0.433333 0.923438 0.422222 0.923438 0.363889 0.917188 0.330556 0.903125 0.308333 0.887500 0.302778 0.871875 0.288889 0.843750 0.283333
0 0.621875 0.311111 0.617188 0.316667 0.617188 0.347222 0.620313 0.355556 0.646875 0.352778 0.646875 0.319444 0.639062 0.311111
