2 0.980173 0.651871 0.908404 0.592984 0.913925 0.590530 0.976860 0.640094 0.979897 0.649908
2 0.716261 0.463189 0.671314 0.431227 0.675166 0.415245 0.720114 0.454057 0.720114 0.456340
2 0.617377 0.634418 0.586556 0.579625 0.598114 0.559077 0.632787 0.627568 0.618661 0.625285
5 0.995707 0.548492 0.829267 0.448854 0.608479 0.370352 0.608479 0.346197 0.997406 0.509240
3 0.461523 0.098611 0.573828 0.098611 0.573828 0.529167 0.461523 0.529167
3 0.358984 0.140278 0.467383 0.140278 0.467383 0.480556 0.358984 0.480556
3 0.732031 0.185417 0.832617 0.185417 0.832617 0.626389 0.732031 0.626389
3 0.262305 0.240972 0.358984 0.240972 0.358984 0.591667 0.262305 0.591667
3 0.210547 0.216667 0.269141 0.216667 0.269141 0.341667 0.210547 0.341667
3 0.150977 0.244444 0.226172 0.244444 0.226172 0.418056 0.150977 0.418056
3 0.029883 0.258333 0.090430 0.258333 0.090430 0.546528 0.029883 0.546528
0 0.692066 0.314046 0.729880 0.316004 0.744932 0.316004 0.748604 0.370175 0.726943 0.369523 0.708587 0.364954 0.690230 0.361038 0.691699 0.316004
