3 0.026562 0.186111 0.109375 0.186111 0.109375 0.652778 0.026562 0.652778
3 0.053125 0.200000 0.203125 0.200000 0.203125 0.688889 0.053125 0.688889
3 0.270313 0.163889 0.325000 0.163889 0.325000 0.297222 0.270313 0.297222
3 0.206250 0.266667 0.234375 0.266667 0.234375 0.369444 0.206250 0.369444
3 0.323437 0.213889 0.360938 0.213889 0.360938 0.336111 0.323437 0.336111
3 0.323437 0.200000 0.432812 0.200000 0.432812 0.613889 0.323437 0.613889
3 0.462500 0.138889 0.507812 0.138889 0.507812 0.219444 0.462500 0.219444
3 0.520312 0.205556 0.557813 0.205556 0.557813 0.277778 0.520312 0.277778
3 0.535937 0.113889 0.693750 0.113889 0.693750 0.630556 0.535937 0.630556
3 0.765625 0.233333 0.881250 0.233333 0.881250 0.683333 0.765625 0.683333
2 0.910937 0.588889 0.907813 0.594444 0.951562 0.627778 0.964063 0.641667 0.971875 0.644444 0.978125 0.652778 0.982812 0.652778 0.998437 0.669444 0.998437 0.658333 0.990625 0.655556 0.962500 0.627778 0.912500 0.591667
2 0.692187 0.441667 0.693750 0.450000 0.701562 0.450000 0.712500 0.458333 0.720313 0.458333 0.718750 0.452778 0.701562 0.441667
5 0.972783 0.527901 0.697827 0.387796 0.697827 0.378455 0.960524 0.487426 0.969281 0.512333
0 0.706250 0.305556 0.693750 0.311111 0.693750 0.358333 0.706250 0.369444 0.737500 0.375000 0.746875 0.372222 0.750000 0.325000 0.745313 0.316667 0.739062 0.316667 0.729688 0.308333 0.707812 0.305556
