3 0.457813 0.188889 0.645312 0.188889 0.645312 0.627778 0.457813 0.627778
3 0.442188 0.283333 0.478125 0.283333 0.478125 0.400000 0.442188 0.400000
3 0.243750 0.319444 0.260937 0.319444 0.260937 0.400000 0.243750 0.400000
3 0.345313 0.300000 0.364063 0.300000 0.364063 0.352778 0.345313 0.352778
3 0.325000 0.305556 0.339062 0.305556 0.339062 0.377778 0.325000 0.377778
3 0.304688 0.322222 0.321875 0.322222 0.321875 0.383333 0.304688 0.383333
3 0.287500 0.308333 0.300000 0.308333 0.300000 0.386111 0.287500 0.386111
3 0.265625 0.316667 0.275000 0.316667 0.275000 0.383333 0.265625 0.383333
0 0.620313 0.305556 0.614062 0.319444 0.614062 0.330556 0.618750 0.347222 0.626563 0.350000 0.648438 0.347222 0.648438 0.322222 0.639062 0.305556
4 0.000000 0.000000 0.000000 0.619444 0.004687 0.625000 0.007812 0.619444 0.015625 0.619444 0.020313 0.625000 0.023438 0.619444 0.029687 0.619444 0.031250 0.622222 0.026562 0.625000 0.032813 0.625000 0.035937 0.633333 0.039062 0.619444 0.045312 0.619444 0.046875 0.622222 0.043750 0.625000 0.046875 0.630556 0.042188 0.633333 0.048438 0.630556 0.053125 0.638889 0.050000 0.641667 0.053125 0.641667 0.054688 0.647222 0.060937 0.647222 0.064062 0.652778 0.035937 0.658333 0.045312 0.658333 0.046875 0.661111 0.043750 0.663889 0.059375 0.663889 0.062500 0.675000 0.068750 0.675000 0.071875 0.669444 0.087500 0.669444 0.095312 0.661111 0.104688 0.661111 0.129688 0.644444 0.159375 0.638889 0.168750 0.633333 0.168750 0.594444 0.164062 0.588889 0.170313 0.552778 0.184375 0.550000 0.187500 0.563889 0.196875 0.561111 0.200000 0.555556 0.200000 0.536111 0.209375 0.522222 0.215625 0.505556 0.215625 0.450000 0.218750 0.419444 0.215625 0.355556 0.217188 0.180556 0.218750 0.172222 0.223438 0.166667 0.220312 0.158333 0.232813 0.152778 0.232813 0.080556 0.235937 0.061111 0.234375 0.000000
