2 0.662500 0.533333 0.662500 0.550000 0.718750 0.638889 0.725000 0.644444 0.740625 0.644444 0.665625 0.533333
3 0.185938 0.272222 0.484375 0.272222 0.484375 0.625000 0.185938 0.625000
3 0.392188 0.250000 0.431250 0.250000 0.431250 0.358333 0.392188 0.358333
3 0.498437 0.208333 0.535937 0.208333 0.535937 0.316667 0.498437 0.316667
3 0.578125 0.275000 0.665625 0.275000 0.665625 0.627778 0.578125 0.627778
3 0.045312 0.344444 0.078125 0.344444 0.078125 0.466667 0.045312 0.466667
5 0.001041 0.561506 0.216114 0.429153 0.185389 0.410245 0.000000 0.529993 0.000000 0.548901
5 0.862516 0.695960 0.673441 0.475371 0.662805 0.494279 0.773887 0.643439 0.850699 0.689657
4 0.078125 0.169444 0.048438 0.183333 0.029687 0.202778 0.023438 0.252778 0.025000 0.277778 0.021875 0.361111 0.028125 0.375000 0.032813 0.369444 0.040625 0.369444 0.059375 0.358333 0.065625 0.344444 0.076563 0.341667 0.090625 0.347222 0.098437 0.361111 0.109375 0.363889 0.107813 0.369444 0.110937 0.377778 0.104688 0.380556 0.109375 0.388889 0.098437 0.391667 0.103125 0.394444 0.100000 0.400000 0.103125 0.405556 0.112500 0.400000 0.112500 0.411111 0.117188 0.416667 0.115625 0.422222 0.125000 0.422222 0.132812 0.416667 0.137500 0.400000 0.140625 0.402778 0.139063 0.405556 0.142187 0.413889 0.150000 0.411111 0.156250 0.402778 0.156250 0.394444 0.160938 0.380556 0.170313 0.380556 0.175000 0.386111 0.182812 0.375000 0.187500 0.322222 0.193750 0.308333 0.195312 0.297222 0.206250 0.277778 0.217188 0.269444 0.218750 0.263889 0.220312 0.211111 0.217188 0.202778 0.204687 0.197222 0.196875 0.200000 0.079687 0.169444
4 0.387500 0.088889 0.370312 0.097222 0.360938 0.097222 0.337500 0.113889 0.332813 0.144444 0.332813 0.258333 0.335938 0.252778 0.340625 0.252778 0.343750 0.258333 0.343750 0.269444 0.356250 0.269444 0.364063 0.277778 0.381250 0.277778 0.376563 0.269444 0.370312 0.272222 0.365625 0.266667 0.368750 0.261111 0.387500 0.261111 0.376563 0.255556 0.387500 0.250000 0.384375 0.247222 0.387500 0.241667 0.390625 0.247222 0.398438 0.247222 0.403125 0.238889 0.417187 0.247222 0.418750 0.238889 0.421875 0.247222 0.429688 0.247222 0.434375 0.236111 0.439063 0.247222 0.439063 0.269444 0.440625 0.263889 0.445312 0.266667 0.446875 0.294444 0.450000 0.294444 0.454688 0.305556 0.460938 0.294444 0.467187 0.294444 0.470313 0.300000 0.481250 0.300000 0.495312 0.280556 0.496875 0.227778 0.501563 0.213889 0.501563 0.200000 0.460938 0.133333 0.457813 0.113889 0.420312 0.088889
