3 0.037500 0.436111 0.129688 0.436111 0.129688 0.658333 0.037500 0.658333
3 0.018750 0.508333 0.051562 0.508333 0.051562 0.602778 0.018750 0.602778
3 0.303125 0.319444 0.325000 0.319444 0.325000 0.397222 0.303125 0.397222
3 0.356250 0.305556 0.379688 0.305556 0.379688 0.372222 0.356250 0.372222
3 0.673438 0.305556 0.687500 0.305556 0.687500 0.397222 0.673438 0.397222
5 0.858984 0.680208 0.513281 0.327778 0.801367 0.673264 0.858008 0.687153
5 0.002539 0.520486 0.224219 0.411111 0.226172 0.435417 0.000586 0.544792
2 0.525000 0.350000 0.525000 0.355556 0.539062 0.377778 0.631250 0.505556 0.717187 0.638889 0.725000 0.647222 0.737500 0.647222 0.734375 0.636111 0.659375 0.525000 0.614062 0.466667 0.610938 0.466667 0.607812 0.458333 0.526563 0.352778
2 0.407813 0.447222 0.384375 0.477778 0.375000 0.494444 0.376563 0.502778 0.403125 0.466667 0.409375 0.455556 0.409375 0.450000
2 0.446875 0.391667 0.437500 0.405556 0.443750 0.405556 0.448437 0.400000 0.448437 0.394444
2 0.462500 0.369444 0.459375 0.372222 0.459375 0.377778 0.462500 0.377778 0.465625 0.369444
2 0.473438 0.358333 0.470313 0.363889 0.473438 0.363889 0.475000 0.358333
2 0.301563 0.413889 0.278125 0.427778 0.242188 0.433333 0.250000 0.433333 0.253125 0.438889 0.237500 0.450000 0.203125 0.458333 0.200000 0.461111 0.201563 0.463889 0.198437 0.472222 0.173437 0.483333 0.168750 0.488889 0.126562 0.500000 0.126562 0.508333 0.131250 0.516667 0.142187 0.513889 0.187500 0.483333 0.245312 0.452778 0.259375 0.441667 0.265625 0.441667 0.278125 0.430556 0.285938 0.430556 0.309375 0.413889
4 0.068750 0.177778 0.034375 0.200000 0.026562 0.216667 0.026562 0.244444 0.023438 0.266667 0.025000 0.363889 0.032813 0.377778 0.032813 0.383333 0.040625 0.375000 0.064062 0.372222 0.070312 0.391667 0.070312 0.402778 0.064062 0.408333 0.070312 0.416667 0.071875 0.425000 0.109375 0.425000 0.117188 0.430556 0.129688 0.427778 0.137500 0.411111 0.143750 0.422222 0.153125 0.416667 0.157812 0.402778 0.156250 0.397222 0.160938 0.388889 0.189062 0.394444 0.192188 0.386111 0.215625 0.383333 0.217188 0.347222 0.220312 0.336111 0.231250 0.322222 0.231250 0.283333 0.221875 0.280556 0.218750 0.275000 0.218750 0.252778 0.225000 0.250000 0.225000 0.241667 0.218750 0.216667 0.212500 0.208333 0.098437 0.177778
0 0.782813 0.288889 0.779687 0.294444 0.779687 0.397222 0.782813 0.402778 0.781250 0.408333 0.789062 0.416667 0.809375 0.411111 0.817187 0.416667 0.817187 0.422222 0.823438 0.427778 0.829688 0.422222 0.842187 0.386111 0.842187 0.363889 0.840625 0.350000 0.837500 0.344444 0.837500 0.316667 0.831250 0.305556 0.790625 0.288889
0 0.629687 0.311111 0.618750 0.313889 0.614062 0.336111 0.615625 0.344444 0.620313 0.352778 0.642188 0.358333 0.646875 0.352778 0.648438 0.341667 0.645312 0.319444 0.639062 0.313889 0.634375 0.316667 0.631250 0.311111
