2 0.298438 0.408333 0.285938 0.419444 0.260937 0.425000 0.242188 0.441667 0.226562 0.444444 0.215625 0.452778 0.192188 0.455556 0.198437 0.455556 0.201563 0.461111 0.198437 0.466667 0.159375 0.488889 0.153125 0.486111 0.143750 0.491667 0.126562 0.491667 0.123438 0.500000 0.096875 0.500000 0.081250 0.508333 0.087500 0.516667 0.090625 0.511111 0.114062 0.508333 0.118750 0.502778 0.123438 0.508333 0.121875 0.513889 0.101562 0.525000 0.087500 0.538889 0.076563 0.538889 0.071875 0.547222 0.054688 0.555556 0.032813 0.558333 0.020313 0.569444 0.015625 0.569444 0.009375 0.580556 0.000000 0.575000 0.000000 0.583333 0.004687 0.583333 0.012500 0.591667 0.007812 0.605556 0.000000 0.608333 0.000000 0.613889 0.020313 0.602778 0.039062 0.583333 0.051562 0.577778 0.053125 0.572222 0.062500 0.569444 0.117188 0.525000 0.134375 0.516667 0.140625 0.508333 0.156250 0.502778 0.168750 0.491667 0.210938 0.469444 0.217188 0.461111 0.223438 0.461111 0.237500 0.450000 0.262500 0.438889 0.273438 0.427778 0.279687 0.427778 0.293750 0.416667 0.309375 0.411111 0.304688 0.408333
2 0.532813 0.355556 0.543750 0.377778 0.643750 0.519444 0.665625 0.558333 0.682813 0.580556 0.717187 0.636111 0.726562 0.644444 0.739062 0.641667 0.657813 0.519444 0.534375 0.358333
5 0.875015 0.690411 0.530063 0.333574 0.533669 0.344257 0.770448 0.634856 0.873813 0.703232
5 0.004823 0.545112 0.231986 0.425454 0.223573 0.401950 0.008428 0.515198
3 0.356250 0.197222 0.487500 0.197222 0.487500 0.619444 0.356250 0.619444
4 0.075000 0.172222 0.054688 0.180556 0.031250 0.200000 0.026562 0.222222 0.028125 0.227778 0.025000 0.255556 0.026562 0.261111 0.023438 0.330556 0.025000 0.347222 0.029687 0.355556 0.025000 0.363889 0.029687 0.366667 0.032813 0.386111 0.035937 0.388889 0.043750 0.375000 0.050000 0.377778 0.045312 0.386111 0.046875 0.400000 0.039062 0.402778 0.045312 0.402778 0.048438 0.408333 0.051562 0.402778 0.048438 0.400000 0.051562 0.394444 0.065625 0.394444 0.068750 0.400000 0.067187 0.411111 0.071875 0.416667 0.092188 0.411111 0.095312 0.416667 0.093750 0.422222 0.107813 0.416667 0.109375 0.422222 0.117188 0.425000 0.128125 0.422222 0.137500 0.411111 0.153125 0.411111 0.157812 0.400000 0.160938 0.380556 0.170313 0.380556 0.189062 0.391667 0.192188 0.380556 0.210938 0.375000 0.215625 0.377778 0.217188 0.338889 0.225000 0.325000 0.226562 0.311111 0.231250 0.308333 0.231250 0.258333 0.217188 0.202778 0.187500 0.200000 0.139063 0.183333 0.082812 0.172222
4 0.490625 0.233333 0.476562 0.238889 0.471875 0.255556 0.476562 0.272222 0.473438 0.313889 0.484375 0.330556 0.485938 0.352778 0.489063 0.358333 0.501563 0.352778 0.520312 0.358333 0.523438 0.347222 0.525000 0.250000 0.521875 0.238889 0.504687 0.233333
1 0.940625 0.361111 0.934375 0.366667 0.921875 0.391667 0.921875 0.408333 0.915625 0.425000 0.915625 0.452778 0.918750 0.463889 0.923438 0.469444 0.939063 0.461111 0.946875 0.475000 0.964063 0.475000 0.973437 0.450000 0.973437 0.433333 0.989062 0.405556 0.998437 0.400000 0.998437 0.383333 0.981250 0.377778 0.978125 0.372222 0.970313 0.369444 0.954688 0.369444 0.945312 0.361111
1 0.996875 0.402778 0.989062 0.408333 0.973437 0.433333 0.973437 0.455556 0.971875 0.463889 0.967187 0.469444 0.965625 0.480556 0.965625 0.538889 0.968750 0.544444 0.968750 0.552778 0.976562 0.563889 0.996875 0.577778 0.998437 0.402778
1 0.785937 0.325000 0.779687 0.333333 0.779687 0.350000 0.775000 0.369444 0.778125 0.375000 0.776563 0.383333 0.765625 0.383333 0.762500 0.388889 0.759375 0.377778 0.762500 0.372222 0.770312 0.372222 0.770312 0.347222 0.770312 0.358333 0.767188 0.361111 0.764062 0.355556 0.765625 0.344444 0.760938 0.344444 0.757812 0.338889 0.760938 0.336111 0.748437 0.344444 0.748437 0.366667 0.754687 0.400000 0.757812 0.405556 0.762500 0.405556 0.765625 0.400000 0.782813 0.402778 0.784375 0.411111 0.793750 0.422222 0.800000 0.422222 0.807813 0.411111 0.814063 0.411111 0.826562 0.433333 0.832812 0.430556 0.834375 0.425000 0.834375 0.377778 0.821875 0.363889 0.815625 0.336111 0.792188 0.325000
